10026
10034073
100472
10071196
10074640
10077130
10079874
10083
10089466
10090
10096344
10100
10101269
10101
10103319
101033550
10112
10113978
10114
10127622
10130337
101307877
10133
101602193
101673418
10178705
10182969
10184653
10188
10197702
10203245
102058611
102090452
10219
10220503
102210
10221470
102239676
10230
10235
102371197
10239
10240
10250769
10255142
102572331
102580518
102669
10275777
10280735
10288191
10295295
10297
10311306
10311
1031
10324367
10347880
10351092
10360683
10363641
10391
10404
10429215
10430619
10444661
10448938
10452965
10453870
10464762
1046
10472693
104741
104799
10482134
104845
104850
104865
104888
104903
104926
105031
105102
10518
1051
10531
10548
1054
10599
10607
10610
10629256
10630
10631
10635
10651
1065
10695961
10715
107641
107715
107751
107770
107807
10783
107841
10796238
107970
108150
10836
10898559
10917
10921747
109291
11001318
11018
11024312
11029
11043
11048
11049
110635
11077541
11104792
11115
11133125
11154555
11156438
11167602
11192
11219835
11226
11234049
11235729
11243969
11248
11250029
11250647
11256664
11259
11273
11286230
11289
11291
11296583
11304743
1130
11319217
11333
11350701
11354606
11358077
11367
113918
11397521
11418570
11430828
11431716
11439
11450633
114905
11499245
11499
11501341
11503972
11504295
115056
11508377
11511120
115163
11518241
11519069
11519741
115198
11520894
115237
115355
115358
11545
11553369
11556711
11561674
11578
11586912
11597698
11625818
11626560
11655595
11658860
11671467
11672431
11672602
11693521
11693
11707110
11751549
11753673
117587627
117590581
117590595
117590639
11765960
1176
11777299
11794741
118023034
118218024
11832956
118422671
118513932
118701617
118701621
118701706
118701720
118701745
118705487
118856773
118984355
118984375
118984404
118984411
118984445
118984454
118984457
118984459
118984462
118984465
118984471
118987133
119058042
119182
11949646
11949652
11953153
11954041
11954369
11954386
119570
11957587
119584
11960529
119607
11962412
11965427
11967809
11968014
11969536
11970261
11974
11978813
11979535
11979606
11979956
119828
11988953
11993740
1201549
12015870
120183
12035
120508
121235530
121396
121488177
121515
121891
121892
122051
122172881
122172882
122172888
122172922
122172961
122172975
122172998
122173004
122173795
122173799
122173809
122174042
122197528
122197546
122197551
122282
122335
122553
12310749
123133951
123133975
123134693
123135747
12314120
1234
123606
123619
123630
123631
123816
123829
123868
123891
123931031
123935
124080907
124081048
124081896
124087
124093
124389585
12454
124870718
124870720
124886
12492
125017
12546498
12555
12560
1257698
12598
12604
12620
126480146
12675
126843196
126843213
126941
126963478
126968450
126968498
126968951
126969097
126969152
126969212
127053480
127151
127527
12774278
12818200
128229
12851498
128919
12894
129009859
129009869
129009911
129009913
129009934
129009948
129009962
129009964
129009973
129010000
129010022
129010024
129010026
129010435
129211
129228
1292
129317578
129317846
129317852
129317859
129627537
129627679
129627691
129627692
129627711
129627734
129627791
129627802
129628207
129629095
129629180
129636405
129642557
129670662
12986439
129893475
129893562
129893563
129893891
129894493
129905275
130313
130881
13109
131204
13136
13138129
131411
13144
131536
131668620
131668621
131673845
131674879
131682
131704172
131704314
131704316
131704319
131704321
131704327
131709156
131709229
131714458
131724228
131750284
131750285
131751496
131801470
131801471
131801472
131839611
131954608
131954782
131954786
13200033
132274070
132274074
132274080
132274085
132274234
132285148
132427670
13242839
132451910
132472265
132477936
13270162
132935795
132965784
132971
132999
133017
133053818
133124921
133126830
13313
13314
133268464
133268486
13342
13344
133556245
13355
133562720
133562742
133562799
133566183
133611834
133640189
133659920
133687818
133701186
134018
134019
134129698
134129846
134613184
134687046
134687896
134687906
134688803
134689739
134689747
134689748
134689755
134689784
134692159
134692189
134692784
134693167
134693953
134694094
134694187
134694358
134694361
134694392
134694638
134694648
134694705
134694728
134694981
134695314
134695350
134695356
134695375
134715443
134715456
134715497
134715513
134715567
134715568
134715739
134717663
134747495
134751826
134754217
134754219
134755071
134767951
134780
134816864
134819268
134819269
134819291
134819292
134819293
134820153
1349907
13505
135326
135391135
135391136
135391138
135391139
135391144
135391164
135391165
135398003
135398508
135398513
135398641
135398654
135398658
135398735
135398737
135398738
135398739
135398740
135398742
135398743
135398744
135398745
135398747
135398748
135400182
135400189
135401907
135403647
135403821
135409400
135409453
135409642
135410875
135412781
135412795
135413535
135413536
135413544
135413547
135413553
135423438
135430812
135430945
135436482
135436543
135441414
135445058
135448133
135449284
135449332
135449527
135456161
135458645
135484646
135500522
135512673
135550179
135564890
135565082
135565596
135565660
135565884
135565903
135565962
13559279
13559281
135612766
135659016
135659030
135665293
135705158
135749824
135876149
135883785
135887820
135900090
135905396
135921134
135925261
135925739
135925740
135925741
135932821
135950975
135968625
136047905
136053407
136073066
136117120
136122621
136122663
136238508
136246610
136246612
136257950
136374402
136601293
136619758
136709103
137030254
137091916
137235501
137286743
137287990
137295261
137295275
137295283
137303705
137313637
137332389
13738
13764
13765
137699105
137699188
137701349
137701808
137704508
137704528
137704612
137704803
137704805
137704806
137704955
137705128
137705994
137706167
137706400
137706513
137706622
13789
137967122
137
13804
13805
138107728
138107776
138107784
138107815
138107851
138376495
138393800
138393806
138394057
138394205
138394206
138402789
138402869
138402871
138403271
138403272
138403275
138404395
13854106
138756125
139030973
139031013
139033164
139033579
13916
139292184
139586083
139592915
139595263
139600825
14030006
14052
14113
14130
14179008
14179013
14190
14250
14251
14257660
14381
14457
14476155
145068
14520
145705666
145705670
145705856
145705876
145705915
145705976
145705978
145705980
145712265
14584
14592
145994621
146014417
146018922
146025948
146027575
146036893
146156144
146156229
146156970
146157034
146157093
146157736
146158448
146158698
146158817
146158974
146159039
146159143
146159353
146159466
146159550
146159596
146159711
146160078
146160179
146160312
146160332
14652
146570
146674658
146674665
14670
14677
14707
14724482
14754
14788250
148121
148124
148191
148192
14888
149096
14960
14969
14982
15004
15020
150311
150610
151075
151166
151171
15130
151383
15139
15209
15218527
15224271
152743198
152743316
152743320
152743321
152743329
152743428
152772378
152946
153274061
153274329
153311
153640463
15376
15387
153921
153994
154059
154101
154234
154257
154413
154417
154573744
154574495
154575198
154701576
154701710
154701814
154701841
154723937
154723946
154724046
154728194
154730763
154730834
154730852
154730908
154731039
154731068
154731980
154734381
1547484
154825546
154825551
1548887
1548942
1548943
1548953
1548955
1548972
1548994
1549000
1549008
1549158
1549781
1550101
1550874
155292829
15541
15558638
15574941
15575651
155774
155802509
155903168
155903675
155903687
155903698
155903721
155903738
155903745
155903755
155907170
156252
156375
156391
156419
15684
157355
157443
157688
15789
157920
157922
15814656
158536
159055
15907
159269
15939859
1593
15950376
15951529
15953900
159729
15979285
15981397
16004692
160051
16007393
160134
160243
16045195
16051933
16051945
16051947
16056828
16058
16076883
16078
16088037
160883
16089914
16098
16102132
16119814
16124688
16129620
16129629
16129632
16129675
16129681
16129688
16129703
16129704
16129706
16130140
16130295
16130957
16131215
16132265
16132269
16132283
16132353
16132413
16132438
16134395
16134410
16134627
16134956
16135415
16136245
16136912
16137271
16139605
16158208
16161315
161685
161780
16186200
16197727
16207730
16211148
16212436
16212687
16213698
16217605
16217806
16219160
16219709
16220172
16222096
162265
162290
16229
16231
162955
163091
16351
16362
16363
163659
16394563
16395512
16399351
16399850
16401293
16406
164457
16473
16490
165124
165268
165565
165580
16564
1662
16639
166548
166583
16667669
16667730
16667733
16681432
16682839
16683008
16683012
16683028
16683091
16683103
16684434
166973
16722836
167305
16757547
16757695
16760141
16760467
16760534
16760658
16760674
168009
168213
1684
16850
168924
169535
16960
17012
170361
170848
1712095
171548
171758
17182
172198
172313
1727
17336
17358
174174
17477
174
17506
17513
175540
17572266
175805
176077
17675
17676
176870
176
17753757
17756656
1775
179336
181458
182137
18283
18293306
18377
183797
18381
18397995
185460
18601084
18642481
18735
187764
187
188803
189562
189821
189914
19063
19090
19094
19161
19190
1923
19254
1935
193653
19371515
193962
19396
19493
19527
19596
196122
19646
19649
19667
197785
1978
1979
198008
198068
1981
19822
1983
1985
19861
1986
1989
1990
19910
1993
199402
1995
1
20054835
20054848
20054870
20055008
20055036
20055083
20055089
20055283
20055352
20055424
20055482
20056623
20056639
20058
20059462
20105830
20140
202223
202225
20279
20299
203911
20407245
20469
20559151
20737
20749
2081
20824
2082
20838499
2083
208898
2088
208902
208903
208908
2091
2092
20977
2097
2099
21022
21054
21102
21109
21158560
21158562
2118
21195079
2119
2123
213039
213043
213046
2130
21319
2131
2132
2140
2141
214347
214348
2145
2148
2153
2157
21584777
21585658
2159
2160
2161
216235
216237
216239
2162
21630
216326
216416
2164
2165
21678311
21704
2170
21720
21722
21723
21751
21772
21777
21782
21788
2179
21850
21855
21868678
21873177
21874242
2187
21881641
21888462
21891368
219024
219078
219095
219105
21913
21917745
21917770
21924868
21946438
2194
2196
21975
2200
22024915
2202
220401
2206
221493
2216
22174
22179320
2218
222155
222528
22262
22267
222786
22297
223073
22318
22379
22407
2240
22419
22425
2244
2245
2247
2249
22525209
22530
22617237
2265
2266
2267
2274
22833874
22839208
22842006
2284
22875828
2292
2294
230076
23009
2309
2310
2312
2313
2315
2318
2320
23257
2326
23305305
2330
2333
23342
2335
2337
23397
23403
2345
23480
23497
2351
2352
23558
2355
23576
235905
23595629
23615408
23616585
23616740
23635314
23652731
23662354
23663553
23663628
23663870
23663962
23663967
23664627
23665760
23665770
23666110
23666112
23666342
23667301
23667619
23667636
23668193
23668197
23669229
2366
23671663
23671691
23671932
23673837
23679441
23681127
23681223
2368
23690449
23690531
23691043
23697815
2369
2370
23724511
23724530
23724878
23724931
23724951
23725094
23725625
2372
23757058
2375
2377
2378
237
23806828
2381
23835497
23897
2391
23931
23954
23958736
23973
23987
23991
24011
24012
2405
24066
2406
24083
24085
24096961
24180873
24181146
241903
24199034
24199313
24199
24243
24266
2435
24393
2441
24424
2442
24436
24439
2444
24456
24458
24462
2446
24470
2447
244809
24485
2448
2449
244
2451
2453
24550
2466
2467
2468
24705
2471
24739911
2474
2475
24766
24775005
24776445
2477
247839
2478
24791027
24795069
247
24812758
24821094
24822371
24826799
24831714
24835791
24838310
24838350
24840667
24847771
24847865
24847874
24847884
24847953
24848920
2484
24867865
24871329
24872560
24873435
24889392
24892716
24892734
24892771
24892842
24892848
24934
24958200
24965990
24978524
25021852
25022354
25025298
25074470
25074887
25077405
25077993
25102581
25102720
25102847
25126798
25134325
25137844
25137901
25141092
25145656
25151352
25151504
25154714
2515
25166913
25171648
25183872
25185057
25195380
25199957
2519
25202509
25203894
2520
25215
25229
25242512
25246315
25246317
25249
2528
25295
2536
25382
25419
2541
254566
25495
25517
2554
25557
2557
2562
2564
25654
2569
2576
2577
2578
25803
2583
2584
2585
259331
25960
259
26000
26070
26098
26133
2622
26248
2624
2628
26388
2639
26476
2650
265249
2655
2659
26618
2662
2663
266651
26757
2678
2681
2683
2684
26879
26934
26937
26945
26987
2707
2708
2710
2712
2717
2719
27200
2720
2723601
2723719
2723816
2723854
2723872
2723877
2723891
2723
2724251
2724368
2724385
2725
2726
2727
27281318
272833
2729
2732
2733335
2733526
2733
2734756
27400
27447
27454
27461
2747
2749
27501
275196
2754
2756
275784
2758
2761171
2762
2763
27648
2764
27661
2769
2771
2780
27812
2783
2786
2788
2789
27901
2794
2795
2796
27991
2799
2800
2801
2802
2803
2804
2805
28061
280
28107
2811
2812
2816
281
2826718
28327
28329
28417
28425
285033
28620
28688
28689
28693
287180
287691
2882
28864
28871
28892
289085
2893
2895
2898
29029
2904
29051
2905
2907
29088
2910
2912
2913
29327
2942
2950
2952
2955
29563
29566
2966
2972
2973
297930
297
29922397
2993
2995
29963
2997
29980780
3000226
3000322
3000469
3000502
3000506
3000516
3000518
3000540
3000579
3000715
3001055
3001386
3002120
3002190
3002977
3003141
3005573
3007
3009
3010818
3011155
30131
30160
3016
3019
3022645
3025
3026
3028194
3032325
30323
3032576
3032771
3032806
3033050
3033053
3033226
3033521
3033538
3033621
3033637
3033818
3033825
3033860
3033887
3033952
3033975
3033988
3033989
3033
3034010
3034019
3034034
3034047
3034756
3035016
3035406
3036505
3036746
3036780
3036905
3036
3037206
3037209
3037705
3037918
3037
3038
3042
3047787
3047788
3048356
3050404
3052762
3052776
3052
3059
3062316
30668
30699
3070
3074
3078
3080636
3080
3081095
3081361
3081362
3081884
3082460
3083544
3084092
30843
3084726
3085017
3085416
3085828
3086400
3086401
3086674
3087722
3089
30949
30951
30966
3100
31011
3103
3105
31072
3108
31098
31101
3114
3116
3117
311
3121
31264
31307
31315
31346
31378
313
31401
31477
3148
3149
31508
31513
3151
3152
31553
3155
3156
3157
3158
31593
3162
31640
3168
3169
31703
31728
31772
31796
31800
3180
3182
3191
3198
3202
32051
32170
3219
3226
32281
3229
3231
32329
32343
3236
3241
3245
3261
3270262
32756
3275
32778
3278
3282
3283
3290
3291
3292
3299
33036
33042
3305
3306
3307
3308
3324
33255
3325
3331
3332
3333
3334
3335
3336
3337
3339
3341
3342
3343
3344
3345
33478
3348
3351
3354
3356
33572
3357
3360
33613
33624
33625
33630
33649
3365
3366
33672
33675
3369
3371
3372
3373
33741
33746
3374
3380
3385
3386
33887
338
3393
3394
3396
3397
3401
3403
34040
34055
3406
3410
34154
3415
3420
3425
3430
34312
34328
3435
3440
34457
3446
34521
34536
3462
34633
3463
3467
34698
3474
34755
34756
3475
3476
3478
34870
34875
3487
3488
3494
3495
3510
3515
3516
3518
3519
35330
35370
35375
35455
3547
3559
3561
3562
35740
35802
35803
35805
358641
3590
35935
35949
3598
3599
359
3601
36054
3607
36089
3608
3609
36109
3610
36119
36131
3623
36273
36283
36294
36314
36339
3637
3639
3641960
36462
3647
3649
3652
3657
3658
36605
3661
36688160
36709
3671
3672
3675
3676
3677
3678
36811
36846
3686
3689
3690
36910
36920
36921
369311
3696
36976
3698
3702
3715
3717450
3718
3720
3723
3724
37264
3728
3730
3731
3735
37367
3736
3737
3738
37393
3739
3740
3741
37425
3742
3743
37464
3747
3748
37497
3749
37542
3759
3760
3762
37632
3763
3767
37723
3775
37768
3776
3778
3779
3781
3783
3784
3792
3793
38072
38103
3821
3822
3823887
3823
3824
3825
3826
3827
383414
38409
38668
3869
3872
387447
3878
3883
38853
38945
3899
3902
39031
39042
39147
39186
39214
392622
3926
3932
39468
3947
3948
3950
3955
39562
3957
3958
3961
3964
3966
39758
39765
39912
39941
3998
4004
4008
4011
4019
4020
4021
4030
4031
40326
4032
4033
4034
4037
40391
4039
4041
4044
4046
40473210
4047
4052643
4054
4055
4057
40585
40589
4058
4059
4060
4062
40632
4064
4066
4068
40692
40704
4075
4078
40839
4086
4091
4095
40973
4097
4098
4099
410087
4100
4101
41049
4107
4114
4116
4117
4121
4125253
413457
41375
41386
4138
4158
4162
4165
4167
41684
4168
41693
4170
4171
4173
4174
41774
41781
4178
4184
41867
418931
4189
4192
4195
4197
4199
42008
4201
4205
4208
42113
4211
4212
42262
4235
4236
4238
42396
4239
424364
4249
42553
4257
42601552
42608884
4260
42611257
42613186
4261
426756
4283516
4284
42884
42890
431097
432824
4330618
43507
43594
436058
43672
4369359
43708
43814
43815
439213
439260
439280
439302
439318
439369
439501
439693
44093
44097
4409
441074
4410
44112
441130
441140
44115
441184
441199
441207
441233
441243
441244
441276
441278
441289
441300
441305
441306
441314
441335
44134719
441350
441351
441373
441383
44139752
441397
441401
44144393
44144429
441457
441476
44152182
44155032
44176380
4417
441853
44187
44205240
442151
4421
44230575
44263857
44270249
44279790
44291156
442912
442949
442965
44298077
443081
44311916
443130
4432690
443381
443387
443405
443445
44345559
4436967
4436
443753
44377662
44384716
443869
443872
443874
443879
443884
443936
443938
443943
443944
443946
443951
443955
443958
443990
443997
444008
444013
444020
444022
444031
444037
44404147
4440
44417235
44420813
44424639
44424838
444254
44427888
44462760
44475014
444795
444881
444972
4449
444
4450
44511035
445354
445557
445643
44564
4456
445709
44591583
44599207
44603531
446067
446155
446156
446157
446220
44629935
44630049
44631912
4463
446541
446596
446598
446727
446987
447043
4472
4474062
4474
4476
447715
4477
44814423
448537
4485
448601
4487900
4487
448812
4488
449171
449193
449224
4493
4494
4495
4496
449763
4497
4499
45006102
45039617
450503
450510
45052495
45055432
450601
4506
45073394
4507
45105094
4510
45114068
45138674
451415
451417
4514
451668
452110
452191
452254
452306
452548
4528
452977
45356931
45357041
45357147
45357193
45357473
45357796
45357887
45358013
45358158
45358438
45358767
45375806
45375808
4538
4539
454216
4543
45479755
454937
454
455658
45588096
45588099
45588114
456190
456199
456201
456255
456309
456408
456410
456476
4567
456832
4568
457193
457831
457954
4580358
4581
4583
4587
4594
4595
460612
460691
4612
461399
4614
4615
4616
46173365
46173763
46174142
46188928
4619
4621
46220502
46222573
4623
4626
4628
4631
4633
4634
4636
4640670
4640
4641
4642
4649
4659569
4666
46705321
46705323
46705420
4674
46780105
46780481
46782942
46783403
46783729
46783745
46783762
46783780
46783782
46783786
46783857
4679
4680
46847940
46853873
468595
468682
46878350
46886609
4688
46930993
46936354
470999
471161
4723
47319
4737
4740
4744
4746
47472
4747
4748
47499
4749
47521
47528
4753
4754
4756
47576
47608
4760
4761
4763
47641
4764
4766
4767
4768
4770
4771
477468
47811
4781
4786
47965
47979
48041
4806
4810
4814
4822
4826
4828
4829
4830
4831
4832
4837
4839
4842
4843
4844
4845
4848
4849
4850
48542
4855
4868
4870
487101
4873
4874
4875
4883
4884
4886
4887
4888
4890
489181
4891
4893
4904
4906
4908
4909
4911
4912
4913
4914
4915
4916
4917
4919
4921
4922
492405
4926
4927
4932
4934
493570
4935
4938
4940
4942
4943
4946
4949
49769200
4976
4977
49796325
49800004
49800054
49803313
49806720
49831257
49843517
49846579
4991
4992
4993
4994
4999
500199
5002
50194
50224
50225
502272
50248
50294
5029
5035
5042
5054
5070
5071
5073
5078
50905713
5090
50910203
50919618
50922675
50935334
50942
5095
51039094
51039
5106
51081
51167
51263
5128452
51371128
51371222
51397006
5147
5152
5161
51634
516875
516892
516893
516900
517044
517045
517055
51712
51755
5184
5193
5198
5199
5206
5210
5213
5215
5217
5219
522325
5234
5235
52421
5245
5251503
5251896
5253
5255
5258
5266
5277135
5280360
5280363
5280447
5280453
5280489
5280567
5280723
5280793
5280795
5280805
5280933
5280954
5280965
5281004
5281006
5281034
5281035
5281037
5281040
5281071
5281075
5281077
5281080
5281081
5281087
5281099
5281104
5281107
5281518
5281613
5281878
5281881
5281915
5282136
5282138
5282165
5282168
5282169
5282176
5282181
5282182
5282188
5282200
5282211
5282226
5282237
5282242
5282375
5282379
5282381
5282411
5282412
5282426
5282428
5282443
5282448
5282452
5282459
5282489
5282593
5283718
5283723
5283731
5283734
5284371
5284373
5284447
5284456
5284512
5284513
5284514
5284515
5284529
5284530
5284533
5284535
5284537
5284543
5284549
5284550
5284551
5284553
5284557
5284566
5284569
5284570
5284572
5284579
5284583
5284585
5284587
5284592
5284594
5284595
5284596
5284597
5284598
5284603
5284604
5284607
5284610
5284613
5284614
5284616
5284619
5284623
5284627
5284630
5284632
5284636
5288783
5288826
5289394
5289436
5291
52938427
5300
53025
5310966
5310993
5311000
5311001
5311010
5311027
5311037
5311038
5311047
5311051
5311052
5311054
5311065
5311066
5311067
5311068
5311071
5311076
5311101
5311128
5311167
5311181
5311217
5311221
5311225
5311236
5311304
5311309
5311331
5311335
5311353
5311356
5311370
5311403
5311412
5311447
5311454
5311489
5311497
5311498
5311507
5311
5312125
5312153
5314
5315
5317
5318386
5318
5320
53232
5323714
5323
5324346
53245639
5324
5325
5326
53276
5327
5328940
5328
5329102
5329
5330286
5330
53313247
53315056
53319866
5333
53359
5335
5336
5337997
53380437
53394043
53394893
53395233
53396029
53396299
5339
5340
5342
53432469
5343
5344
5345
53465279
53486180
53486199
53486260
53486290
53486338
53486426
53487898
5351154
5351474
5352062
5353325
5353490
5353510
5353584
5353607
5353622
5353627
5353634
5353636
5353643
5353788
5353853
5353933
5353959
5354
5355130
5355
5356392
5356
5357
5358751
5358
5359271
5359
5360315
5360373
5360515
5360696
5360788
5360991
5361092
5361202
5361463
5361486
5361848
5361871
5361917
5362065
5362068
5362116
5362119
5362124
5362129
5362440
5362460
5362487
5362529
53627695
5362
5363702
5365247
53708
5371549
5372683
5375785
5378825
5379
5381
5382853
5384145
5386
5388879
5388906
5388962
5388982
5388993
5390108
539061
5391
5393
5394
5396
5401
5403
5405
54117
5411
54120
54121176
54121177
5419
54207505
54260
5426
54274969
5429
5430
54313
54385
5440
54454
5447130
54477
54486399
5452
5453
54547
5455
5457
54585
5458876
5459124
5459211
54598522
5460135
5460341
54605677
5460769
54608508
5460875
54610154
5462076
5462328
5463874
5464098
5464190
5464257
5464317
5464343
5464388
5464436
5466987
54670067
54671008
54671203
54674461
54675776
54675777
54675779
54675783
54675785
54676038
54676228
54676478
54676537
54676539
54677470
54677946
54677971
54678486
5467
54680675
54680690
54680692
54681908
54682461
54682938
54684141
54685524
54686187
54686350
54686904
54687131
54687
5468
54690031
54697325
546977
546
54707177
54708299
54713659
54714462
54724371
54726191
54726192
5472
54732242
54746
5474986
54758501
5475
54766
5478817
5478933
5479529
5479530
5479537
5479539
5479
5480431
5481173
5481350
5482
5483
5484131
54841
5484444
5484727
5484
5486699
5486821
5486971
5487426
5487888
5487
5488548
5489013
54892
5489638
54910
5491577
5492952
5493444
5496803
5497
5502
5503
5504
5505
5506
5509
5510
5511
5517
55191
55245
5524
5526
55283
5530
5531
5533
55362
5536
5546
55483
55568
5556
5560
5563
5564
5565
5566
5567
5568
5572
5573
5574
5576
5577
5578
5583
5584
5585
5587
55891
5591
5593
5597
56016
5603
5606
5611
5625
56330
56339
5634
5639
5648
56494
564
5656
56603655
56640146
56649450
5665
5666
5672
56840845
56840936
56840960
56841013
56841043
56841872
56841936
56841975
56841980
56842327
56843331
56843464
56927919
56955933
56959087
56959
56965767
56986002
5702045
5702065
5702066
5702073
5702077
5702099
5702160
5702166
5702198
5702243
5709
57164040
5717
57182275
5719
5727
57327016
57327017
5732
57335384
57336511
5733
57346808
5734
5735
57363
5736
57379345
57417071
57417187
57417192
5742673
5742832
5743585
5743
57458936
57469
5746
5748610
5749
57507834
57515973
5754
5755
5756
5757
5770
5773
5775
5777
57788673
57789981
5780
5790
5793
57953977
579666
58012659
5803
58076382
5816
5818
5819
58258
5826
5831
5833
5837004
5838
58391580
5839
5842
58460047
58521
5852
5853
58557659
5857
5858
5861
5865
5870
5875
5878
5881
58936818
5902
5903
5904
5905
5906
5910
5911905
5917
5918
59227
59311377
5936
5938194
59509752
5953
5959
5961
5962
5966
59768
5977
5978
5983
5991
5994
6000
60017315
60021
6005
6009
6010
6013
60148388
60148401
60148420
60148445
60148448
60149
60164
60168
6016
6018
60196289
60196306
60196341
60196358
60198
6024
6032
6036
6041
6042
604519
60464
6047
6057875
6058
60606
60613
60648
60654
60663
6067
60700
60712
60714
60726
60750
60751
60753
60754
6077
60780
60789
60795
60796
60815
60823
60825
6082
60835
60838
60846
60852
60854
60855
60857
60871
60877
6087
60919
60937
6093
60947
60953
60961
6098
6099959
6099
6100671
6100
6102852
610479
6104
6116
6125514
6127
612
61300
6137
6144
6151
6166
6167
6178111
6178305
61791
6194
6196
6212
6215
6224
6230
62313
6234
6235
6237
6238
6244162
6249
6251
6253
6256
6257
6258
62705
62816
62819
62820
6282
62858
62859
62865
62867
62887
6292
62959
6300
63019
6301
6304
6305
6307
6314185
6321412
6321413
6321422
6321424
6321432
6324616
6324659
6324671
6326719
6326970
6328211
6328682
6333901
6335986
6337614
6337
6338045
6347538
636363
636397
636398
636403
636405
6364534
6364626
6365314
6374
637568
637577
6376223
638267
638340
638678
638793
6392391
6398970
6399253
6400441
6410758
64139
64143
6419892
6419898
6419971
6419972
6420032
6426824
6427057
6432105
6432494
6433083
6433164
6433272
6433427
6434185
6434395
6434870
6435207
6435378
6436009
6436022
6436054
6436055
6436103
6436143
6436156
6436171
6436173
6436540
6436628
64377
644019
644020
6440717
644073
644076
6442177
644241
6445230
6445540
6446788
6446
6447131
6450551
6450800
6451164
6451257
6451676
6452127
6452618
6452753
6453414
6453528
6456014
6464
6465
64692
64725
6473755
6473883
6473973
6473
6474106
6474318
6474319
6474320
6475
6476
6479523
6480466
6481
6488
64937
64949
6494
64950
64953
65015
65016
65028
6503
65045
65050
6506392
6507267
6509979
65130
6518
65248
6526
65332
6533629
6536825
6537431
6540466
6540821
65430
65437
65492
65513
65526
65589
65592
65594
65598
65600
65624
65628
65632
656511
656575
656583
656598
656604
656630
656634
656635
656641
65664
656652
656655
656665
656666
656668
65679
65687
65697
65702
65709
657181
65718
65720
657237
657255
657272
657298
657308
65750
65755
6575
65772
65777
65782
65784
65787
65814
65825
65833
65840
65856
65859
65863
65864
65866
65894
65906
65944
65947
65957
65978
65979
65981
65985
65999
6604200
6604413
6604591
6604605
6604902
6610285
66248
66249
66250
66261
66265
66274
66376
66377
66380
66384
66435
6646
66509024
66509030
66524104
66545296
66576988
66576989
66577007
66577063
6657
66599893
666418
667449
667466
667467
667468
667476
667477
667484
667490
667491
667492
667493
66753191
667550
66811198
6708482
6708521
6708720
6708764
6708778
6710780
6712062
6712286
6713914
6713921
6713928
6713972
6714002
67171867
6719
6726
6729
6741
67425
67462786
67532
67548346
6762
6764
67686
679
6803597
68050
6806
68093
68122
68165256
68199
681
68295
6834
683511
6839
6842999
6842
68548
68555
6857474
6857983
6857
685814
68606
68617
68654
68667
68671
68682
6869
68704
68705
6870646
68706
68707
68712
68740
68749
68760
68770
68778
68780
68783
68792
68801
688024
688272
68827
68831425
6883
68844
688561
688563
68861
68865
68867
68869
68870
68873
68876
68888
68911
68921
68933
68942
68952
68953
6914273
6914282
6915727
6915743
6915744
6915944
6916032
6916040
6917067
6917655
6917674
6917695
6917698
6917715
6917738
6917857
6917864
6917865
6917944
6917951
6918011
6918026
6918077
6918107
6918140
6918155
6918173
6918182
6918191
6918248
6918289
6918295
6918296
6918314
6918453
6918456
6918462
6918474
6918483
6918485
6918486
6918493
6918537
6918554
6918558
6918582
6918585
6918638
6918670
6918837
6923516
69286
6931560
6957673
69594
69782842
6993341
7014
7017
7019
7028
7029
702
70374
7045767
70569
7067772
70678541
70678542
70678590
70678896
70678987
70685125
70689311
70689318
70691422
70693500
70693550
70695640
70695654
70697656
7073228
7074810
70788951
70789200
70789201
70846
70882
708857
71113
71120
71124
71132
71141
71158
71180
71183
71184
71195
71196
71203
71226662
71259
71260
71264
71296107
71296871
71296876
71296916
71296921
71296933
71300448
71300725
71300726
71300750
71300755
71301230
71301231
71301
71306319
71306735
71306790
71306809
71306823
71306834
71306
71307072
71308311
71308475
71308642
71308696
71308755
71310221
71311162
71311849
71312019
71312368
71312381
71323
71329
71339
71349
71353
71357
71360
71364
71368
71379
71384
71387
71388
71392
71398
71415
71421
71433778
71433797
71447
71464587
71481097
71490
71496458
71511839
71528768
71584930
71586775
71586929
71586946
71587019
71587201
71587953
71616
71636
71652
71655
71657455
71661158
71661251
71663
71672
71675
71679
71688
71698
71717
71729958
71729967
7172
71731823
71736
71740
71741
71749648
71750969
71751667
71770713
71771
71774773
71775015
71783
71798
71807
71815
71819
71821
71835
71857
7186
7187
71899
718
71919
71926
71940
71961
72014
72051
72060
72065
72067
72075
72081
72092
72098
72099
72106
72111
7211
72135
72138
72139
72141
72142
72145
72148
72165119
72287
72395
72474
72493
72543801
72698618
72699160
72722243
72728820
72734365
72784645
727
72938
72941490
72941505
72941563
72941734
73013303
73101855
73115
73160420
73303
73386700
73415770
73415798
73416022
73425384
73658
73707487
73754991
73759704
73759751
73759782
73855432
73897257
73897513
73951506
73952271
73981
74030550
74089869
7436
7458
74787553
74891317
74989
75031587
750
7510
753
75534860
75905
76037163
7608
7618
7628
76324338
7638
76957057
76957760
76957773
76959346
76959818
76961227
76962649
76962714
76964236
76966485
76967078
76968033
76973979
76974754
7697
7699
77254
772
7741
77843966
77991
77992
77993
77999
78358338
78383895
784
78577433
78577434
785
78759347
78759348
78866
7902
80084
8024
80283
807
82146
82148
82153
8223
8226
8229
8238
8249
8251
8271
8275
8280
8281
8285
83435
8361
8365
8378
83823
83898
838
8395
83975
84029
84068
8414
84746
8478
84815
85001
8507
8514
85364159
854498
854500
85471918
8550
8554
8590
8593
8612
86277830
86278337
86278347
86278362
86287400
86287409
86287410
86287437
86289069
86289926
86298703
864
86583336
8669
86705695
86741379
86763295
86767262
8708
87119843
8730
87423409
8754
8756
87622762
87665603
876
87819
87869
88046200
8813
89077401
892
8944
8954
89594
8966
89683805
8969
896
8982
9001
9002
9015
9034
90465828
90469070
90470772
90471539
90472060
90478549
9047
90488715
90488794
90489753
9051
9053
90659141
90659973
91110640
91270
91276
91302628
91463
91503
91562
91610
91663255
91669168
91713
91746179
91746214
91746485
91746672
91758680
91810853
91810863
91819969
91820207
91820602
91825573
91844584
91864756
91872893
91885464
91885488
91885501
91885554
91895515
91898871
91972063
91972121
91976568
91978180
92043103
92043200
92043526
92044408
92132748
92132757
92237
92253
92400
92402739
92721
92722
92874
92879
9290
92912
92943
9294
9296
92974
93057
9305
93154
93184
9331
9363
936
938
9395
93971978
941361
941651
94175
9417
9419
94280
9429
94320
9433
9444
9458
9470
947
948
9548602
9552079
9552081
9564
9565
9567573
9567831
9568512
9568614
9568
9570757
9570848
9570985
9571016
9571036
9571044
9571062
9571080
9571107
9573395
9574101
9574768
9578005
9579578
95839
9589471
9595290
9601226
9604461
9604980
9615345
9615347
9642
9651
9661
9681
9687
9690109
969472
9777579
977
9782
978
9796294
9801
98047158
9804938
9806615
98070685
9807507
9812534
9819382
9821433
9823820
9826451
9829523
98298821
9832253
9832423
9832912
9833444
9833652
9837243
9838022
9838675
9841854
9842127
9844194
9846332
9850038
9852188
9852519
9852585
98526
9852779
9852981
9853053
9853654
9854012
9854073
9854489
9860920
9861408
9862937
9863827
9865442
9865528
9867812
9868491
9869929
9870652
9870843
9871419
9872634
9873
9875401
9876533
9878
9881504
9881826
9882105
9883915
9884251
9884642
9885319
9887053
9887712
9892071
98941
9897518
9903970
9904
9906855
9911830
9912
9913767
9915743
9915886
9916237
9917021
9924495
9926791
9930049
9931954
9933475
9939594
9941379
9941444
9942657
9948102
9949802
9949848
9952843
9952884
9963413
9966051
996
9978336
9982
9989226
9991
